<?xml version="1.0"?>
<opencv_storage>
<projMatrixR type_id="opencv-matrix">
  <rows>3</rows>
  <cols>4</cols>
  <dt>d</dt>
  <data>
    5.4103003328536943e+02 0. 3.4680267715454102e+02
    -1.2548662744140242e+05 0. 5.4103003328536943e+02
    2.4336199951171875e+02 0. 0. 0. 1. 0.</data></projMatrixR>
</opencv_storage>
